001 413 784 37 39
002 413 827 37 39
003 413 870 37 39
004 413 913 37 39
005 413 956 37 39
006 413 999 37 39
007 413 1042 37 39
008 413 1085 37 39
009 413 1128 37 39
010 413 1171 37 39
01000 354 937 50 50
01001 354 991 50 50
01010 354 1045 50 50
01012 354 1099 50 50
01014 354 1153 50 50
01015 354 1207 50 50
01016 354 1261 50 50
01017 354 1315 50 50
01020 354 1369 50 50
01025 354 1423 50 50
01027 354 1477 50 50
01030 354 1531 50 50
01035 354 1585 50 50
01037 354 1639 50 50
01040 354 1693 50 50
01045 354 1747 50 50
01050 354 1801 50 50
01055 354 1855 50 50
01060 354 1909 50 50
01065 354 1963 50 50
011 413 1214 37 39
01100 413 406 50 50
01102 467 406 50 50
01104 521 406 50 50
01110 575 406 50 50
01120 629 406 50 50
01130 683 406 50 50
01151 737 406 50 50
01153 791 406 50 50
01171 845 406 50 50
012 413 1257 37 39
01251 899 406 50 50
01253 953 406 50 50
013 413 1300 37 39
01300 1007 406 50 50
01309 1061 406 50 50
014 413 1343 37 39
01400 1115 406 50 50
01451 1169 406 50 50
015 413 1386 37 39
01551 1223 406 50 50
016 413 1429 37 39
017 413 1472 37 39
018 413 1515 37 39
019 413 1558 37 39
020 413 1601 37 39
021 413 1644 37 39
022 413 1687 37 39
023 413 1730 37 39
024 413 1773 37 39
025 413 1816 37 39
026 413 1859 37 39
027 413 1902 37 39
028 413 1945 37 39
029 413 1988 37 39
030 467 460 37 39
031 508 460 37 39
032 413 2031 16 16
033 467 535 18 18
034 491 551 24 20
035 491 503 25 20
036 1978 460 31 20
037 193 0 48 41
038 549 460 37 39
039 590 460 37 39
041 631 460 37 39
042 672 460 37 39
043 124 36 7 7
044 135 36 7 7
045 245 0 40 40
046 1277 406 50 50
047 713 460 37 39
1 1331 406 50 50
1001 0 52 55 55
1002 0 111 55 55
1003 0 170 55 55
1004 0 229 55 55
1005 0 288 55 55
1006 0 347 55 55
1007 0 406 55 55
1008 0 465 55 55
1009 0 524 55 55
1010 0 583 55 55
1011 0 642 55 55
1013 0 701 55 55
1014 0 760 55 55
1016 0 819 55 55
1017 0 878 55 55
1018 0 937 55 55
1020 0 996 55 55
1021 0 1055 55 55
1022 0 1114 55 55
1023 0 1173 55 55
1024 0 1232 55 55
1025 0 1291 55 55
1026 0 1350 55 55
1027 0 1409 55 55
1028 0 1468 55 55
1029 0 1527 55 55
1030 0 1586 55 55
1032 0 1645 55 55
1034 0 1704 55 55
1036 0 1763 55 55
1037 0 1822 55 55
1040 0 1881 55 55
1041 0 1940 55 55
1042 59 52 55 55
1047 118 52 55 55
1049 177 52 55 55
1051 236 52 55 55
1077 295 52 55 55
1080 354 52 55 55
1084 413 52 55 55
1089 472 52 55 55
1099 531 52 55 55
1112 590 52 55 55
1114 649 52 55 55
1115 708 52 55 55
1116 767 52 55 55
1117 826 52 55 55
1118 885 52 55 55
1119 944 52 55 55
1120 1003 52 55 55
1121 1062 52 55 55
1122 1121 52 55 55
1131 1180 52 55 55
1132 1239 52 55 55
1135 1298 52 55 55
1136 1357 52 55 55
1139 1416 52 55 55
15 1475 52 55 55
156208320 1042 460 32 32
156208340 1078 460 32 32
156208360 1114 460 32 32
156208380 1150 460 32 32
156208400 1186 460 32 32
156208420 1222 460 32 32
156208440 1258 460 32 32
160301 124 0 65 32
160400 1294 460 32 32
160601 1330 460 32 32
160602 1366 460 32 32
160603 1402 460 32 32
160604 1438 460 32 32
160605 1474 460 32 32
160606 1510 460 32 32
160607 1546 460 32 32
160608 1582 460 32 32
160609 1618 460 32 32
160610 1654 460 32 32
160611 1690 460 32 32
160612 1726 460 32 32
160613 1762 460 32 32
160614 1798 460 32 32
160615 1834 460 32 32
160616 1870 460 32 32
160624 852 460 34 32
160627 890 460 34 32
160628 928 460 34 32
160629 966 460 34 32
160630 1004 460 34 32
160631 1906 460 32 32
160632 1942 460 32 32
170301 354 2017 45 28
170303 754 460 45 28
170305 803 460 45 28
20 1534 52 55 55
2000 1385 406 50 50
2001 1439 406 50 50
2006 1493 406 50 50
2011 1547 406 50 50
2022 1601 406 50 50
2030 1655 406 50 50
2044 1709 406 50 50
2047 1763 406 50 50
2055 1817 406 50 50
2061 1871 406 50 50
2066 1925 406 50 50
2070 1979 406 50 50
2077 413 460 50 50
2081 413 514 50 50
2088 413 568 50 50
2112 413 622 50 50
22 1593 52 55 55
23 1652 52 55 55
2309 413 676 50 50
2330 413 730 50 50
30 1711 52 55 55
300 1770 52 55 55
3000 289 0 40 40
3001 333 0 40 40
3002 377 0 40 40
3003 421 0 40 40
3004 465 0 40 40
3005 509 0 40 40
3006 553 0 40 40
3007 597 0 40 40
301 1829 52 55 55
3013 641 0 40 40
3014 685 0 40 40
3015 729 0 40 40
3017 773 0 40 40
3018 817 0 40 40
3019 861 0 40 40
302 1888 52 55 55
3020 905 0 40 40
3021 949 0 40 40
3022 993 0 40 40
3023 1037 0 40 40
3024 1081 0 40 40
3025 1125 0 40 40
3026 1169 0 40 40
3027 1213 0 40 40
3028 1257 0 40 40
3029 1301 0 40 40
3030 1345 0 40 40
3031 1389 0 40 40
3032 1433 0 40 40
3033 1477 0 40 40
3034 1521 0 40 40
3035 1565 0 40 40
3036 1609 0 40 40
3037 1653 0 40 40
3038 1697 0 40 40
3039 1741 0 40 40
304 1947 52 55 55
3040 1785 0 40 40
3042 1829 0 40 40
3043 1873 0 40 40
3044 1917 0 40 40
3045 1961 0 40 40
3046 2005 0 40 40
3047 0 1999 40 40
3048 2006 52 40 40
305 59 111 55 55
3056 59 1999 40 40
3058 2006 111 40 40
3059 118 1999 40 40
306 59 170 55 55
3067 2006 170 40 40
307 59 229 55 55
3075 177 1999 40 40
3077 2006 229 40 40
3079 236 1999 40 40
3082 2006 288 40 40
3087 295 1999 40 40
3088 2006 347 40 40
309 59 288 55 55
310 59 347 55 55
311 59 406 55 55
313 59 465 55 55
314 59 524 55 55
315 59 583 55 55
317 59 642 55 55
318 59 701 55 55
319 59 760 55 55
32 59 819 55 55
320 59 878 55 55
321 59 937 55 55
322 59 996 55 55
323 59 1055 55 55
324 59 1114 55 55
325 59 1173 55 55
328 59 1232 55 55
329 59 1291 55 55
330 59 1350 55 55
333 59 1409 55 55
334 59 1468 55 55
335 59 1527 55 55
337 59 1586 55 55
338 59 1645 55 55
34 59 1704 55 55
341 59 1763 55 55
342 59 1822 55 55
344 59 1881 55 55
345 59 1940 55 55
347 118 111 55 55
349 177 111 55 55
35 491 527 25 20
350 236 111 55 55
351 295 111 55 55
352 354 111 55 55
355 413 111 55 55
356 472 111 55 55
357 531 111 55 55
358 590 111 55 55
359 649 111 55 55
36 2013 460 31 20
360 708 111 55 55
362 767 111 55 55
363 826 111 55 55
364 885 111 55 55
367 944 111 55 55
368 1003 111 55 55
37 1062 111 55 55
371 1121 111 55 55
372 1180 111 55 55
375 1239 111 55 55
376 1298 111 55 55
379 1357 111 55 55
383 1416 111 55 55
387 1475 111 55 55
389 1534 111 55 55
39 1593 111 55 55
390 1652 111 55 55
391 1711 111 55 55
397 1770 111 55 55
398 1829 111 55 55
402 1888 111 55 55
403 1947 111 55 55
404 118 170 55 55
406 118 229 55 55
407 118 288 55 55
408 118 347 55 55
409 118 406 55 55
410 118 465 55 55
411 118 524 55 55
412 118 583 55 55
413 118 642 55 55
414 118 701 55 55
415 118 760 55 55
416 118 819 55 55
418 118 878 55 55
420 118 937 55 55
421 118 996 55 55
424 118 1055 55 55
426 118 1114 55 55
427 118 1173 55 55
442 118 1232 55 55
444 118 1291 55 55
446 118 1350 55 55
451 118 1409 55 55
453 118 1468 55 55
456 118 1527 55 55
460 118 1586 55 55
461 118 1645 55 55
462 118 1704 55 55
463 118 1763 55 55
464 118 1822 55 55
49 118 1881 55 55
494 118 1940 55 55
501 177 170 55 55
502 236 170 55 55
505 295 170 55 55
507 354 170 55 55
508 413 170 55 55
509 472 170 55 55
510 531 170 55 55
511 590 170 55 55
512 649 170 55 55
513 708 170 55 55
514 767 170 55 55
515 826 170 55 55
516 885 170 55 55
517 944 170 55 55
519 1003 170 55 55
520 1062 170 55 55
522 1121 170 55 55
525 1180 170 55 55
531 1239 170 55 55
532 1298 170 55 55
534 1357 170 55 55
540 1416 170 55 55
55 1475 170 55 55
56 1534 170 55 55
57 1593 170 55 55
571 1652 170 55 55
575 1711 170 55 55
58 1770 170 55 55
581 1829 170 55 55
583 1888 170 55 55
587 1947 170 55 55
589 177 229 55 55
591 177 288 55 55
592 177 347 55 55
594 177 406 55 55
595 177 465 55 55
596 177 524 55 55
597 177 583 55 55
599 177 642 55 55
60 177 701 55 55
601 177 760 55 55
603 177 819 55 55
604 177 878 55 55
606 177 937 55 55
607 177 996 55 55
609 177 1055 55 55
610 177 1114 55 55
611 177 1173 55 55
613 177 1232 55 55
615 177 1291 55 55
616 177 1350 55 55
617 177 1409 55 55
618 177 1468 55 55
619 177 1527 55 55
622 177 1586 55 55
623 177 1645 55 55
624 177 1704 55 55
625 177 1763 55 55
627 177 1822 55 55
628 177 1881 55 55
629 177 1940 55 55
633 236 229 55 55
634 295 229 55 55
635 354 229 55 55
643 413 229 55 55
645 472 229 55 55
647 531 229 55 55
649 590 229 55 55
651 649 229 55 55
67 708 229 55 55
68 767 229 55 55
69 826 229 55 55
691 885 229 55 55
693 944 229 55 55
696 1003 229 55 55
697 1062 229 55 55
70 1121 229 55 55
701 1180 229 55 55
702 1239 229 55 55
703 1298 229 55 55
705 1357 229 55 55
706 1416 229 55 55
707 1475 229 55 55
708 1534 229 55 55
709 1593 229 55 55
710 1652 229 55 55
711 1711 229 55 55
712 1770 229 55 55
713 1829 229 55 55
714 1888 229 55 55
715 1947 229 55 55
716 236 288 55 55
717 236 347 55 55
718 236 406 55 55
719 236 465 55 55
720 236 524 55 55
721 236 583 55 55
722 236 642 55 55
723 236 701 55 55
724 236 760 55 55
725 236 819 55 55
726 236 878 55 55
727 236 937 55 55
729 236 996 55 55
730 236 1055 55 55
732 236 1114 55 55
733 236 1173 55 55
734 236 1232 55 55
735 236 1291 55 55
736 236 1350 55 55
737 236 1409 55 55
739 236 1468 55 55
740 236 1527 55 55
741 236 1586 55 55
742 236 1645 55 55
743 236 1704 55 55
744 236 1763 55 55
745 236 1822 55 55
747 236 1881 55 55
749 236 1940 55 55
751 295 288 55 55
78 354 288 55 55
789 413 288 55 55
79 472 288 55 55
792 531 288 55 55
793 590 288 55 55
795 649 288 55 55
796 708 288 55 55
799 767 288 55 55
801 826 288 55 55
803 885 288 55 55
805 944 288 55 55
806 1003 288 55 55
808 1062 288 55 55
810 1121 288 55 55
811 1180 288 55 55
815 1239 288 55 55
816 1298 288 55 55
817 1357 288 55 55
818 1416 288 55 55
819 1475 288 55 55
82 1534 288 55 55
820 1593 288 55 55
821 1652 288 55 55
822 1711 288 55 55
825 1770 288 55 55
827 1829 288 55 55
830 1888 288 55 55
831 1947 288 55 55
834 295 347 55 55
835 295 406 55 55
836 295 465 55 55
837 295 524 55 55
838 295 583 55 55
839 295 642 55 55
84 295 701 55 55
840 295 760 55 55
842 295 819 55 55
843 295 878 55 55
844 295 937 55 55
845 295 996 55 55
851 295 1055 55 55
855 295 1114 55 55
857 295 1173 55 55
86 295 1232 55 55
861 295 1291 55 55
863 295 1350 55 55
865 295 1409 55 55
88 295 1468 55 55
887 295 1527 55 55
893 295 1586 55 55
895 295 1645 55 55
897 295 1704 55 55
898 295 1763 55 55
901 295 1822 55 55
902 295 1881 55 55
903 295 1940 55 55
904 354 347 55 55
905 413 347 55 55
906 472 347 55 55
907 531 347 55 55
908 590 347 55 55
909 649 347 55 55
910 708 347 55 55
911 767 347 55 55
912 826 347 55 55
913 885 347 55 55
914 944 347 55 55
915 1003 347 55 55
916 1062 347 55 55
917 1121 347 55 55
918 1180 347 55 55
919 1239 347 55 55
920 1298 347 55 55
921 1357 347 55 55
922 1416 347 55 55
923 1475 347 55 55
924 1534 347 55 55
925 1593 347 55 55
927 1652 347 55 55
928 1711 347 55 55
929 1770 347 55 55
930 1829 347 55 55
931 1888 347 55 55
932 1947 347 55 55
933 354 406 55 55
935 354 465 55 55
945 354 524 55 55
96 354 583 55 55
97 354 642 55 55
977 354 701 55 55
98 354 760 55 55
985 354 819 55 55
997 354 878 55 55
arrow 467 503 20 28
dashed 0 0 120 48
